Example water balance parameters.

&watcontrol
keepwet = 0
simtsoil = 1
simsoilevap = 1
reassignrain = 0
wsoilmethod = 1
retfunction = 3
equaluptake = 0
usemeaset = 0
usemeassw = 0
usestand = 0
/

Throughfall = 1.0 : irrigation is to soil surface
&wattfall
rutterb = 3.7
rutterd = 0.002
maxstorage = 0.21
throughfall = 0.9096082
/

&watinfilt
expinf = 0
/

&rootpars
datesroot = '01/03/10' '01/07/10' '01/01/11' '01/05/11' '01/05/12' '01/01/13' '01/07/14' '01/01/15' 
nodatesroot = 8
rootresfrac = 0.4	! non utilisé dans les calcul
rootrad = 0.0003528 0.0003528 0.0003528 0.0003528 0.000202 0.000202 0.000202 
rootsrl = 26.73384 26.73384 26.73384 26.73384 26.73384 19.81771 19.81771 
rootmasstot = 40 202.2485 320.6233 450 717.3805 789.0598 789.0598 
nrootlayer = 34
fracroot = 0.85 0.12 0.03 0 0 0 0 0 0 0 0 0 0 0 0 0 0 0 0 0 0 0 0 0 0 0 0 0 0 0 0 0 0 0 0.36205533 0.168083 0.11501976 0.12184826 0.08384451 0.05506619 0.03718352 0.03019648 0.02002722 0.00667574 0 0 0 0 0 0 0 0 0 0 0 0 0 0 0 0 0 0 0 0 0 0 0 0 0.08887881 0.04680415 0.0335709 0.1464727 0.19011718 0.16618503 0.12786257 0.0751498 0.04391798 0.03416711 0.02416652 0.01391621 0.00659329 0.00219776 0 0 0 0 0 0 0 0 0 0 0 0 0 0 0 0 0 0 0 0 0.08835267 0.04652708 0.03337217 0.14553629 0.18890175 0.1651226 0.12704513 0.07466936 0.04363721 0.03394867 0.02401202 0.01382724 0.0070481 0.0036746 0.0016234 0.00089451 0.00053006 0.00053006 0.00042467 0.00021389 8.138e-05 2.713e-05 0 0 0 0 0 0 0 0 0 0 0 0 0.33510842 0.07851652 0.06185216 0.0913403 0.07855023 0.05424836 0.04257362 0.04352599 0.03811035 0.02632672 0.02093346 0.02193057 0.02116818 0.01864627 0.01852129 0.02079325 0.01691335 0.00688159 0.00152366 0.00083955 0.00049749 0.00049749 0.00039858 0.00020075 7.638e-05 2.546e-05 0 0 0 0 0 0 0 0 0.22804331 0.08116937 0.04878056 0.1494611 0.16257498 0.10320826 0.06129876 0.03684648 0.02304752 0.01990187 0.01649634 0.01283091 0.0131285 0.01738909 0.01492664 0.00574113 0.00107448 0.00092669 0.00075411 0.00055674 0.00043194 0.0003797 0.00029623 0.00018153 0.00010647 7.104e-05 8.036e-05 0.00013443 0.0001211 4.037e-05 0 0 0 0 0.22795212 0.08113692 0.04876106 0.14939514 0.16250323 0.10316271 0.0612717 0.03683022 0.02303735 0.01989309 0.01648906 0.01282525 0.01312271 0.01738142 0.01492005 0.00573859 0.001074 0.00092628 0.00075378 0.0005565 0.00043175 0.00037953 0.0002961 0.00018145 0.00010642 7.101e-05 8.033e-05 0.00013437 0.0001477 0.00012031 0.00010662 0.00010662 0.00010662 0 0.22795212 0.08113692 0.04876106 0.14939514 0.16250323 0.10316271 0.0612717 0.03683022 0.02303735 0.01989309 0.01648906 0.01282525 0.01312271 0.01738142 0.01492005 0.00573859 0.001074 0.00092628 0.00075378 0.0005565 0.00043175 0.00037953 0.0002961 0.00018145 0.00010642 7.101e-05 8.033e-05 0.00013437 0.0001477 0.00012031 0.00010662 0.00010662 0.00010662 1e-04 
RFPAR1 = 16.6121642272814
RFPAR2 = 0.00201501094992454
RFPAR3 = 1.5882695950893
RFAGEBEGIN = 60
ROOTFRONTLIMIT = 1
/


&plantpars
nodateskp = 1
dateskp = '01/01/10'
minrootwp = -1.6
minleafwp = -2.0! non utilisé avec le modèle de Tuzet
plantk = 1.21
/

Sandy soil
&soilret
bpar = 4.26
psie = -0.000355816
ksat = 751.366 892.6 781.707 642.841 462.482 268.27 112.9 107.277 101.653 96.03 90.406 84.783 79.16 68.536 58.913 
alpha = 1000 3823.0828 700.732 624.5013 518.971 396.0047 315.9835 
ws = 0.355 0.322 0.317 0.317 0.3228 0.3342 0.34 0.34 0.34 0.34 0.34 0.34 0.34 0.34 0.34 0.34 0.34 0.34 0.34 0.34 
wr = 0.0694 0.0716 0.0727 0.0778 0.0858 0.0956 0.1031 0.1082 0.1104 0.1095 0.1098 0.1114 0.1134 0.1158 0.1182 0.1202 0.1228 0.1256 0.1291 0.133 0.137 0.1409 0.1449 0.1488 0.1528 0.1567 0.1607 0.1646 0.1686 0.1725 0.1765 0.1804 0.1844 0.1883 0.1923 
n = 1.7327 1.72 1.6942 1.7954 1.9497 2.1367 2.1961 
/
alpha = 274 600 697.9191 580.4541 334.5216 260.3691 263.6157 257.4567 249.3454 242.5706 234.6043 229.5792 
ws = 0.355 0.322 0.317 0.317 0.34 0.34 0.34 0.34 0.34 0.34 0.34 0.34 
wr = 0.06935 0.0716 0.0727 0.0809 0.1005 0.1108 0.1091 0.1121 0.1171 0.1213 0.1271 0.135 
n = 3.1 2.1548 1.694178 1.856179 2.230222 2.093704 2.059673 2.126852 2.235824 2.356167 2.566381 2.798672 

&laypars
nlayer = 39
laythick = 0.333 0.333 0.333 0.5 
porefrac = 0.355 0.322 0.317 0.317 0.32275 0.33425 0.34 0.34 0.34 0.34 0.34 0.34 0.34 0.34 0.34 0.34 0.34 0.34 0.34 0.34 
drainlimit = 0
fracorganic = 0.1554 0.0069 0.0066 0.0054 0.0043 0.0035 0.0031 0.0031 0.0031 0.0031 0.0031 0.0031 0.0031 0.0031 0.0031 0.0031 0.0031 0.0031 0.0031 0.0031 0.0031 0.0031 0.0031 0.0031 
iwattablayer = 39
isimwattab = 1
platdrain = 2e-05
/

&initpars
initwater = 0.14957 0.1532 0.1544 0.15867 0.166 0.17683 0.19117 0.19783 0.19683 0.19475 0.19158 0.19133 0.194 0.19675 0.19958 0.19512 0.18338 0.16804 0.14913 0.13975 0.13992 0.14 0.16505 0.169 0.17295 0.1769 0.18085 0.1848 0.18875 0.1927 0.19665 0.2006 0.20455 0.2085 0.21245 0.23 0.23 0.34 
soiltemp = 24.27 24.285 
/

&soiletpars
drythickmin = 0.001
tortpar = 2
/

